mean_pred_1d: -0.0005154187723140543
std_pred_1d: 0.05181023488856024
mean_pred_2d: 0.00016359039806148858
std_pred_2d: 0.03543222612804837
mean_pred_3d: -0.0002972298295592029
std_pred_3d: 0.0389335367621647
positive_similarity_1d_2d: 0.8646178460783429
positive_similarity_1d_3d: 0.8151768777105544
positive_similarity_2d_3d: 0.9484665509727266
negative_similarity_1d_2d: 0.49953843156496686
negative_similarity_1d_3d: 0.5003349251217313
negative_similarity_2d_3d: 0.4992946965826882
contrastive_accuracy_1d_2d: 0.7610490686363645
contrastive_accuracy_1d_3d: 0.7442779441674551
contrastive_accuracy_2d_3d: 0.7676233665810691
true_negative_rate_1d_2d: 0.5419923580355115
true_negative_rate_1d_3d: 0.5296230498287413
true_negative_rate_2d_3d: 0.5353022846910689
true_positive_rate_1d_2d: 0.9801057759258482
true_positive_rate_1d_3d: 0.9589328385061688
true_positive_rate_2d_3d: 0.9999444451597002
uniformity_1d_2d: -1.6541350848144956
uniformity_1d_3d: -1.6440039177735646
uniformity_2d_3d: -1.1334532896677654
alignment_1d_2d: 0.32246411012278664
alignment_1d_3d: 0.4517676408092181
alignment_2d_3d: 0.10763246545361148
batch_variance_1d_2d: 0.08605815966924031
batch_variance_1d_3d: 0.08943570032715797
batch_variance_2d_3d: 0.07318352866503927
dimension_covariance_1d_2d: 0.00025269882987938926
dimension_covariance_1d_3d: 0.0003118042570551754
dimension_covariance_2d_3d: 0.00015728494690847583
MultimodalNTXentLoss: 16.65506034427219
