mean_pred_1d: -0.0005607887955934361
std_pred_1d: 0.05172022652846796
mean_pred_2d: 0.00012311173985903292
std_pred_2d: 0.03529202427577089
mean_pred_3d: -0.0003244355991935461
std_pred_3d: 0.03833859951959716
positive_similarity_1d_2d: 0.8641101762100503
positive_similarity_1d_3d: 0.8159838914871216
positive_similarity_2d_3d: 0.9484268448970936
negative_similarity_1d_2d: 0.4993311376483352
negative_similarity_1d_3d: 0.5003792599395469
negative_similarity_2d_3d: 0.4992814836678682
contrastive_accuracy_1d_2d: 0.7604500673435353
contrastive_accuracy_1d_3d: 0.7432534363534715
contrastive_accuracy_2d_3d: 0.7670114967558119
true_negative_rate_1d_2d: 0.5415721204545763
true_negative_rate_1d_3d: 0.5291842023531595
true_negative_rate_2d_3d: 0.5340970754623413
true_positive_rate_1d_2d: 0.9793280164400736
true_positive_rate_1d_3d: 0.9573226659386246
true_positive_rate_2d_3d: 0.9999259246720208
uniformity_1d_2d: -1.6459057640146326
uniformity_1d_3d: -1.6369256178538005
uniformity_2d_3d: -1.1270374192131891
alignment_1d_2d: 0.3220074783872675
alignment_1d_3d: 0.4410141474670834
alignment_2d_3d: 0.09821952465507719
batch_variance_1d_2d: 0.08584420107029102
batch_variance_1d_3d: 0.08882768948872884
batch_variance_2d_3d: 0.0725223813895826
dimension_covariance_1d_2d: 0.00025147640769352655
dimension_covariance_1d_3d: 0.0002871046168298495
dimension_covariance_2d_3d: 0.00013264990142218907
MultimodalNTXentLoss: 16.48658279136375
